7.10581e-11 1.14582e-09 1.17325e-09 6.15276e-10 1.13476e-09 1.699e-09 1.38434e-09 4.08082e-10 1.63486e-10 9.71466e-10 2.14708e-09 9.6393e-10 7.18079e-10 8.95926e-10 1.25445e-09 7.45201e-10 3.72322e-10 9.03549e-10 1.25701e-09 8.16486e-10 8.27962e-10 8.2541e-10 2.22745e-09 9.79642e-10 1.20397e-10 4.11618e-10 1.40041e-09 1.51598e-09 1.22468e-09 5.0972e-10 1.29371e-09 1.13011e-09 
1.81879e-09 2.19915e-09 1.80899e-09 7.13764e-10 7.77698e-10 3.40123e-10 1.61127e-09 5.40555e-10 3.29306e-10 1.11792e-09 1.00903e-09 8.66384e-10 1.21609e-09 2.03604e-09 1.82583e-09 6.36746e-10 3.38797e-10 5.23295e-10 1.96968e-09 2.07747e-09 1.09446e-09 6.39695e-10 1.1779e-09 1.12375e-09 3.25013e-10 4.96111e-10 1.59787e-09 2.2071e-10 8.35335e-10 5.47519e-10 1.90255e-09 2.1158e-09 
1.40128e-09 7.4887e-10 5.68081e-10 2.6176e-09 4.01273e-10 8.19769e-10 6.93434e-10 2.18527e-10 4.68516e-10 6.16038e-10 1.46883e-09 9.2486e-10 1.49516e-09 1.73279e-09 1.36528e-09 4.15491e-10 3.81904e-10 5.2827e-10 1.37172e-09 1.58059e-09 1.61951e-09 8.04383e-10 1.50282e-09 6.64568e-10 4.5385e-10 1.32154e-10 6.691e-10 8.72858e-10 4.02687e-10 2.57563e-09 7.46323e-10 7.05971e-10 
9.83767e-11 1.39346e-09 3.40837e-10 6.93601e-10 3.69139e-10 8.07801e-10 1.58874e-09 1.00407e-09 1.18216e-09 3.0984e-10 1.33982e-09 8.7962e-10 4.63996e-10 7.72884e-10 3.444e-11 2.28508e-10 6.03656e-10 2.6258e-10 8.02545e-11 7.59433e-10 4.27833e-10 9.30485e-10 1.21756e-09 2.9625e-10 1.27523e-09 9.19841e-10 1.70371e-09 7.44484e-10 3.96504e-10 6.78157e-10 4.34139e-10 1.36665e-09 
1.7363e-10 1.83593e-09 1.54628e-09 1.05559e-09 1.67421e-09 1.37839e-09 4.99452e-10 7.9594e-10 6.64929e-10 1.26462e-09 8.09806e-10 2.6959e-10 1.56429e-09 4.0624e-10 9.31938e-10 6.02668e-10 2.97507e-10 6.51572e-10 9.45027e-10 4.12316e-10 1.47383e-09 1.89019e-10 8.52253e-10 1.2145e-09 7.49451e-10 7.25032e-10 5.33023e-10 1.27465e-09 1.5924e-09 1.32042e-09 1.58333e-09 1.88918e-09 
3.61658e-10 5.48541e-10 5.72023e-10 4.16443e-10 6.7637e-10 1.14164e-09 1.16731e-09 3.40099e-10 7.10748e-10 1.94818e-09 1.65212e-09 9.92541e-10 1.12048e-09 7.25559e-10 1.09703e-09 1.6309e-09 2.35329e-09 1.45174e-09 9.29862e-10 7.14975e-10 1.20484e-09 1.00004e-09 1.43243e-09 2.0836e-09 7.36794e-10 2.88243e-10 1.16339e-09 1.13999e-09 6.12662e-10 3.11176e-10 5.50188e-10 5.42479e-10 
1.78003e-09 1.09149e-09 1.46694e-09 1.03207e-09 1.05666e-09 4.59398e-10 8.48165e-10 1.81901e-09 8.73858e-10 1.00644e-09 8.15161e-10 1.32626e-09 1.26031e-09 1.24326e-09 1.24897e-09 6.31807e-10 4.88346e-10 5.56552e-10 1.25451e-09 1.17761e-09 1.29169e-09 1.30985e-09 8.71922e-10 1.02982e-09 8.95299e-10 1.64764e-09 1.06528e-09 4.56164e-10 1.12841e-09 1.0993e-09 1.37719e-09 1.0235e-09 
1.15434e-09 6.80533e-10 1.78811e-09 8.62523e-10 8.92896e-10 2.68081e-09 8.31094e-10 9.03346e-10 8.76765e-10 5.75011e-10 1.31644e-09 1.78181e-09 1.2651e-09 1.07448e-09 1.44925e-09 5.44075e-10 6.46875e-10 5.62707e-10 1.40146e-09 1.11546e-09 1.24942e-09 1.71446e-09 1.43273e-09 5.01612e-10 8.77203e-10 8.08877e-10 8.8848e-10 2.73516e-09 7.99983e-10 6.68947e-10 1.81415e-09 8.26934e-10 
2.70944e-10 1.91831e-09 8.01169e-10 3.199e-10 2.00444e-10 7.62641e-10 1.45173e-09 5.81189e-10 1.16663e-09 5.44206e-10 6.76648e-10 1.2988e-09 1.96801e-09 3.29393e-10 1.00127e-09 1.3606e-09 4.96497e-10 1.32373e-09 1.07664e-09 3.03624e-10 1.85321e-09 1.46015e-09 6.31426e-10 4.44832e-10 1.1965e-09 6.52689e-10 1.46468e-09 6.27731e-10 3.37825e-10 3.46961e-10 9.06454e-10 1.91826e-09 
4.1216e-10 8.37422e-10 2.36132e-09 1.03412e-09 5.92225e-10 3.81781e-10 1.94882e-09 7.73139e-10 1.42738e-09 2.06736e-09 2.00582e-10 1.70097e-09 1.89254e-09 1.39272e-09 5.68948e-10 4.786e-10 1.84462e-09 4.18343e-10 5.41743e-10 1.36644e-09 1.83811e-09 1.81822e-09 1.68978e-10 2.08569e-09 1.28983e-09 8.40376e-10 1.83533e-09 5.36488e-10 4.33651e-10 1.13181e-09 2.32546e-09 8.02248e-10 
2.62329e-09 3.43837e-10 1.16865e-09 9.652e-10 1.40193e-09 1.79958e-09 9.32651e-10 7.85373e-10 2.93147e-09 9.14946e-10 2.86995e-10 1.22627e-09 3.14846e-10 1.22484e-09 4.08422e-10 6.14128e-10 7.91113e-10 6.32559e-10 4.83677e-10 1.18306e-09 3.4384e-10 1.21893e-09 2.99962e-10 1.01038e-09 2.77445e-09 9.94502e-10 1.1451e-09 1.83145e-09 1.41484e-09 8.62476e-10 9.80857e-10 6.00863e-10 
2.01015e-09 1.4672e-09 2.51979e-10 3.54677e-10 1.42245e-09 1.33595e-09 4.8972e-10 2.4044e-09 1.13274e-09 6.86119e-10 1.82692e-09 9.27618e-10 5.56395e-10 1.28103e-09 1.6903e-09 4.52924e-10 2.64761e-09 6.1091e-10 1.78878e-09 1.21279e-09 5.7572e-10 9.87365e-10 1.68455e-09 8.24387e-10 1.13114e-09 2.41104e-09 3.68266e-10 1.28227e-09 1.54163e-09 3.85376e-10 3.42239e-10 1.41903e-09 
2.52093e-09 1.83366e-09 3.24177e-10 9.97969e-10 9.32986e-10 2.91167e-09 1.48983e-09 6.08e-10 3.38292e-10 3.37614e-10 1.85619e-09 1.13643e-09 2.94983e-10 1.14076e-09 5.76776e-10 4.30937e-10 1.09199e-09 3.07694e-10 6.80993e-10 1.11426e-09 1.51432e-10 1.22419e-09 1.71532e-09 5.61706e-10 4.77343e-10 6.60881e-10 1.57886e-09 2.8423e-09 6.39783e-10 1.07055e-09 4.88282e-10 1.97469e-09 
1.63928e-09 1.05004e-09 1.12327e-09 1.33273e-09 7.18352e-10 1.98323e-09 8.44264e-10 3.28582e-10 1.49325e-09 1.50991e-09 2.14571e-09 1.95523e-09 1.59726e-09 1.63207e-09 1.2772e-09 1.35025e-09 2.77208e-09 1.44464e-09 1.24328e-09 1.53927e-09 1.69657e-09 2.179e-09 2.1637e-09 1.5188e-09 1.37541e-09 3.22604e-10 9.10211e-10 1.8643e-09 7.79598e-10 1.24595e-09 1.29059e-09 1.10705e-09 
7.4771e-10 1.4579e-09 1.65787e-09 1.44631e-09 9.57679e-10 1.28058e-09 1.69405e-09 8.68798e-10 5.98098e-10 7.2715e-11 1.60331e-09 1.78282e-10 7.41485e-10 8.65641e-10 1.35144e-09 1.58403e-09 6.17588e-10 1.59959e-09 1.1395e-09 1.05932e-09 8.11262e-10 2.4855e-10 1.57312e-09 7.6972e-11 6.31848e-10 7.34531e-10 1.73306e-09 1.28307e-09 8.45159e-10 1.59351e-09 1.65329e-09 1.25842e-09 
2.12963e-10 1.02471e-09 1.64152e-10 9.42064e-10 1.22675e-10 2.38816e-09 1.79791e-09 9.05774e-10 8.61852e-10 9.61074e-10 1.37857e-09 4.27607e-10 1.00633e-09 1.1753e-09 6.30927e-10 5.06037e-10 1.6993e-09 6.42578e-10 5.9519e-10 1.21173e-09 9.84852e-10 3.45601e-10 1.43371e-09 9.07382e-10 6.25655e-10 1.17259e-09 1.91836e-09 2.27785e-09 1.10172e-10 9.50415e-10 9.95117e-11 1.08889e-09 
2.0721e-09 1.16461e-09 7.10156e-10 1.83029e-09 4.63269e-10 1.38225e-09 1.21884e-09 1.63418e-09 1.00175e-09 3.14186e-10 1.24687e-09 1.16909e-09 1.08205e-09 2.36926e-09 8.67593e-10 1.47729e-09 1.55322e-09 1.53835e-09 1.02557e-09 2.33938e-09 8.92372e-10 8.97625e-10 1.46291e-09 2.90738e-10 1.08778e-09 1.69809e-09 1.15895e-09 1.21789e-09 5.64181e-10 1.70799e-09 5.56232e-10 1.11156e-09 
3.08693e-10 1.61054e-09 1.19135e-09 8.78113e-10 1.58462e-09 4.06665e-10 8.84543e-10 7.00575e-10 3.23524e-10 2.14513e-09 3.78299e-10 7.28651e-10 1.20208e-09 1.11716e-09 3.09037e-10 1.29286e-09 2.11304e-09 1.36996e-09 4.22335e-10 1.1591e-09 1.12175e-09 5.89095e-10 5.36631e-10 2.10086e-09 5.17658e-10 7.68812e-10 9.01949e-10 3.97071e-10 1.53154e-09 8.78839e-10 1.35734e-09 1.59961e-09 
8.84865e-10 3.73778e-10 1.1031e-09 3.87133e-09 3.25482e-09 3.91255e-10 1.57555e-09 7.13644e-10 4.75051e-10 3.78411e-10 5.25444e-10 8.41075e-10 5.78399e-10 1.30621e-09 4.98866e-10 1.47412e-09 5.31347e-10 1.56269e-09 4.43915e-10 1.22299e-09 7.09812e-10 8.15636e-10 5.49202e-10 4.20892e-10 4.00836e-10 7.99927e-10 1.50876e-09 3.99019e-10 3.13307e-09 3.91258e-09 1.32161e-09 3.3507e-10 
1.27076e-09 1.37728e-09 1.65323e-09 1.27833e-09 1.03119e-09 1.07609e-09 9.38145e-10 8.74274e-10 3.04795e-09 9.89494e-10 4.80128e-10 9.81951e-10 2.15008e-09 7.02693e-10 9.06237e-10 2.32154e-09 9.5458e-10 2.30703e-09 1.00059e-09 5.54907e-10 2.16215e-09 1.0886e-09 4.51463e-10 7.9557e-10 3.09437e-09 8.20257e-10 1.04007e-09 9.90392e-10 1.08012e-09 1.32196e-09 1.45769e-09 1.53747e-09 
5.52519e-10 2.02929e-09 7.93329e-10 3.30187e-10 1.82318e-09 2.0252e-09 1.24397e-09 1.18647e-09 1.98566e-09 6.12881e-10 9.0809e-10 1.23108e-09 2.36727e-09 1.63879e-09 7.47831e-10 1.32272e-09 2.08671e-10 1.27753e-09 5.49438e-10 1.74703e-09 2.1495e-09 1.38001e-09 1.08009e-09 4.98522e-10 2.13891e-09 1.23418e-09 1.20246e-09 2.00905e-09 1.61092e-09 4.37337e-10 1.01421e-09 2.01983e-09 
1.78019e-10 5.78874e-10 1.43452e-09 7.56329e-10 1.20906e-09 2.17364e-09 1.62573e-09 1.15641e-09 1.07346e-09 1.36864e-09 4.19215e-10 1.90054e-09 1.55835e-09 1.35901e-09 1.41698e-09 1.86251e-09 1.75998e-09 1.80879e-09 1.50239e-09 1.21444e-09 1.75271e-09 1.90455e-09 4.09577e-10 1.3468e-09 9.62938e-10 1.1338e-09 1.39364e-09 2.23015e-09 1.07557e-09 7.87958e-10 1.51853e-09 6.13767e-10 
1.55148e-09 1.26745e-09 4.92853e-10 1.64617e-09 1.02113e-09 1.61795e-09 9.18727e-10 1.36774e-09 2.35351e-10 5.56923e-10 7.49223e-10 1.41982e-10 6.00144e-10 2.02985e-09 1.43131e-09 9.49689e-10 3.14494e-09 1.18031e-09 1.46078e-09 1.99853e-09 6.24168e-10 1.39476e-10 6.80002e-10 6.50461e-10 1.66294e-10 1.32343e-09 1.01183e-09 1.61579e-09 9.75975e-10 1.67504e-09 4.73218e-10 1.22417e-09 
2.19339e-09 4.618e-10 1.60038e-09 1.6252e-09 1.21673e-09 1.58763e-09 2.34847e-09 2.47774e-10 9.04485e-10 7.45399e-10 2.11507e-10 2.58303e-10 3.27396e-10 2.7025e-09 5.06835e-10 1.4421e-09 1.61411e-09 1.47236e-09 5.23823e-10 2.69114e-09 3.07934e-10 2.57481e-10 2.01302e-10 7.37582e-10 8.19911e-10 2.15022e-10 2.27394e-09 1.63145e-09 1.13663e-09 1.42392e-09 1.71276e-09 6.73545e-10 
3.49073e-11 5.18334e-10 1.01158e-10 1.59169e-09 5.85248e-10 7.71613e-10 1.45215e-09 1.60553e-09 2.27999e-09 1.93709e-10 1.25771e-09 9.22911e-10 4.96494e-10 2.34967e-09 1.01151e-09 1.33806e-09 9.79979e-10 1.21769e-09 1.16736e-09 2.24032e-09 6.07613e-10 9.32078e-10 1.39143e-09 3.74912e-10 2.34187e-09 1.59328e-09 1.29718e-09 8.15877e-10 4.67579e-10 1.62908e-09 1.78127e-10 5.58247e-10 
6.35717e-10 2.36261e-09 3.98167e-10 1.7938e-09 1.33062e-09 1.79677e-09 1.00624e-09 1.43342e-09 7.334e-10 9.45e-10 3.91499e-10 9.45068e-10 1.23582e-09 2.32933e-09 2.0205e-09 1.04111e-09 2.26632e-10 1.3578e-09 2.14604e-09 2.22546e-09 1.319e-09 9.13128e-10 2.97962e-10 1.01341e-09 7.20968e-10 1.3866e-09 1.08748e-09 1.74751e-09 1.10348e-09 1.8978e-09 1.99931e-10 2.48152e-09 
7.46372e-10 1.48175e-09 1.06779e-09 5.68193e-10 8.04055e-10 1.51197e-09 1.06467e-09 9.9346e-10 1.31352e-09 1.21704e-09 3.54949e-10 1.04334e-09 1.03618e-09 1.02191e-09 2.67388e-10 1.29739e-09 7.28918e-10 1.20917e-09 4.41768e-10 1.05775e-09 9.67351e-10 1.14275e-09 3.49707e-10 1.10601e-09 1.44649e-09 1.03256e-09 1.0092e-09 1.48478e-09 8.58427e-10 5.76374e-10 1.01674e-09 1.45012e-09 
7.30343e-10 1.07452e-09 6.43351e-10 1.36988e-09 7.61825e-10 8.81081e-10 1.08113e-09 6.15612e-10 1.20885e-09 4.28498e-10 8.82558e-10 9.86736e-10 1.08117e-09 1.35341e-09 2.0723e-09 4.8582e-10 3.32943e-09 2.1301e-10 2.00143e-09 1.56725e-09 1.11395e-09 8.96965e-10 8.91496e-10 4.7859e-10 1.20333e-09 6.50043e-10 1.03505e-09 8.86663e-10 6.03765e-10 1.44084e-09 5.6319e-10 1.11502e-09 
4.49284e-10 1.59613e-09 8.58026e-10 1.78958e-09 1.83822e-09 1.01422e-09 1.01612e-09 3.85025e-10 1.8144e-09 1.90284e-09 1.39698e-10 6.24053e-10 4.11862e-10 1.87421e-09 6.57817e-10 5.92958e-10 2.08292e-09 7.12935e-10 6.02397e-10 1.81927e-09 5.88165e-10 6.03194e-10 2.79823e-10 2.0049e-09 1.67138e-09 2.95807e-10 1.17186e-09 1.04253e-09 1.75973e-09 1.67623e-09 8.0989e-10 1.74884e-09 
1.56505e-09 7.48192e-10 1.06293e-09 5.69992e-10 6.70844e-10 1.42997e-09 2.59572e-09 1.24351e-09 1.38274e-09 1.19676e-09 2.03493e-10 7.80343e-10 1.84851e-09 9.71952e-10 9.9535e-10 1.87565e-09 1.5379e-09 2.12354e-09 1.05406e-09 1.16691e-09 1.92801e-09 7.73466e-10 1.31007e-10 1.11209e-09 1.59184e-09 1.37715e-09 2.61278e-09 1.36064e-09 5.29128e-10 6.98771e-10 1.06664e-09 8.1078e-10 
1.52419e-09 1.69846e-09 8.59786e-10 4.67932e-10 3.28451e-09 1.67523e-09 1.99211e-09 1.56306e-09 3.05052e-10 1.43503e-09 5.33745e-10 5.68663e-10 8.76585e-11 5.93648e-10 1.37295e-09 1.14793e-09 3.34674e-10 1.15784e-09 1.27202e-09 7.1972e-10 1.60375e-10 5.88846e-10 4.40272e-10 1.42643e-09 4.55497e-10 1.46807e-09 2.03381e-09 1.85087e-09 3.21769e-09 3.10878e-10 9.00298e-10 1.48656e-09 
5.2605e-10 9.44669e-10 1.90285e-09 1.03446e-09 1.02521e-09 1.2611e-09 1.73352e-09 1.0997e-09 4.37181e-10 8.01925e-10 1.24517e-09 5.60487e-10 4.66462e-10 1.33112e-09 8.63405e-10 1.73212e-09 1.11375e-09 1.78497e-09 7.4233e-10 1.40399e-09 3.87208e-10 4.12053e-10 1.34669e-09 7.46777e-10 4.28732e-10 1.02155e-09 1.80742e-09 1.09071e-09 1.15232e-09 8.9622e-10 2.00377e-09 8.74241e-10 
